Memsize: 64
number of platforms: 3
fft_pass_0: 0.079872ms, 0.000801282GB/s, 0.000200321GE/s
fft_pass_1: 0.047776ms, 0.00133958GB/s, 0.000334896GE/s
fft_pass_2: 0.055104ms, 0.00116144GB/s, 0.00029036GE/s
fft: 0.338016ms, 0.00018934GB/s
bit_reverse: 0.051488ms, 0.00124301GB/s
read: 0.002016ms, 0.031746GB/s
combined: 0.39152ms, 0.000163465GB/s 4.08664e-05GE/s
CPU function: 0.006572ms ,0.00973828GB/s
FFTW CPU function: 0.000441ms ,0.145125GB/s
Speedup CPU: 0.016786x 
Speedup FFTW: 0.001126x 
